19
87
55
28
64
81
81
55
13
39
34
51
66
53
65
87
74
56
26
17
47
64
81
43
61
57
66
12
14
88
64
66
15
99
49
52
26
38
57
18
84
43
28
65
22
45
14
77
55
94
29
56
26
25
22
37
77
55
76
64
35
57
99
43
13
19
56
76
37
14
99
64
83
43
24
15
35
77
58
39
15
81
75
29
13
35
45
12
61
14
37
14
42
15
83
25
12
77
58
76
48
39
37
56
55
62
97
88
65
17
52
42
38
51
28
22
47
87
84
45
24
62
87
56
65
47
45
18
42
75
17
92
58
84
25
83
13
17
22
38
94
58
75
24
49
92
83
84
87
56
18
47
45
74
26
97
18
75
57
38
49
19
51
94
62
28
92
34
88
87
84
26
88
42
22
65
34
17
62
97
94
47
28
52
49
38
29
84
18
75
25
38
14
18
26
87
97
24
22
58
65
94
29
47
56
76
45
37
62
77
48
88
81
49
97
15
99
51
84
53
61
65
34
66
64
28
92
74
38
57
19
25
22
13
62
35
24
58
56
14
94
87
77
47
26
18
76
83
42
75
97
29
37
43
28
55
99
49
81
34
19
88
66
15
39
51
17
48
57
74
84
61
64
52
35
12
29
55
58
25
39
35
76
77
56
12
24
83
22
64
13
75
45
15
99
47
37
87
42
14
77
22
94
56
47
76
24
83
75
18
14
29
58
12
13
64
39
45
87
37
35
25
55
42
88
35
53
57
76
12
81
77
14
19
48
39
61
99
83
66
55
34
51
43
15
37
64
25
42
26
77
47
92
62
22
45
94
25
56
24
58
14
18
87
38
17
13
75
83
97
65
29
12
57
81
43
34
61
17
28
49
55
88
51
53
39
92
15
84
19
64
52
48
99
74
66
17
38
13
22
87
65
42
74
75
49
94
84
28
26
62
52
92
18
24
97
29
45
47
58
77
29
62
58
47
56
42
87
65
75
92
97
13
83
84
94
38
24
74
22
26
45
17
18
18
62
51
28
52
97
88
22
49
43
92
26
17
19
74
66
87
53
38
84
94
57
34
65
62
42
87
18
22
24
76
75
58
35
94
39
12
14
13
47
29
37
45
56
26
77
25
83
74
43
84
28
15
51
35
57
52
12
39
99
66
88
49
48
55
64
61
81
76
34
19
53
42
37
75
47
14
18
25
35
13
22
83
45
56
76
26
87
29
65
24
94
62
58
77
97
25
35
64
77
53
28
57
61
14
66
55
81
37
99
12
34
88
76
19
43
48
51
39
15
12
87
24
81
25
77
45
15
83
47
37
56
39
13
14
75
58
29
76
55
64
99
35
42
38
45
94
97
14
83
13
24
18
56
22
26
42
65
75
37
25
58
87
47
77
92
29
62
84
28
57
66
26
81
99
88
38
74
62
97
34
19
51
49
65
53
48
17
52
43
92
61
17
61
19
99
53
81
43
88
28
49
84
66
92
38
64
39
48
57
74
15
55
52
34
51
66
24
55
19
25
15
14
35
48
77
81
61
43
64
56
76
58
99
12
39
83
53
37
13
66
55
25
53
48
81
12
99
39
43
61
76
57
14
37
77
35
15
64
19
56
34
83
88
18
51
66
28
17
84
26
45
49
38
87
74
75
88
94
52
97
22
62
65
47
92
57
34
66
15
28
49
52
17
81
84
38
61
43
65
99
48
55
34
19
57
88
74
64
51
53
92
43
76
39
35
53
55
37
57
66
77
58
61
13
48
83
14
25
15
99
56
19
12
64
81
22
88
28
66
74
65
51
62
94
97
52
57
49
18
19
92
38
17
26
87
47
34
43
84
57
28
88
18
17
92
52
19
26
62
53
61
65
38
51
97
66
43
84
74
34
94
49
48
49
74
45
26
62
87
22
88
75
47
65
24
18
17
42
97
94
29
84
92
28
38
51
52
92
99
34
74
61
81
43
19
48
62
65
38
17
28
51
15
52
84
88
66
53
57
97
49
65
17
94
58
47
22
49
84
51
29
75
92
42
26
87
24
97
28
18
74
62
38
52
45
83
55
25
13
61
39
43
58
15
35
14
53
24
56
29
64
37
77
48
76
99
81
12
75
14
39
22
77
42
45
83
12
29
15
37
58
18
35
56
47
64
25
76
13
24
57
88
19
99
35
76
25
61
15
39
66
34
52
14
48
37
55
43
51
12
53
61
14
45
25
83
64
35
12
37
53
15
76
29
58
56
48
77
24
42
99
17
97
61
52
48
19
57
81
74
43
49
62
84
92
94
38
26
88
28
18
49
24
42
45
62
65
29
22
97
75
13
58
94
38
84
92
52
49
52
48
15
35
34
37
74
99
19
39
76
53
55
88
28
51
19
55
12
51
57
34
48
76
28
53
35
81
37
61
39
43
51
17
92
49
88
34
53
74
62
48
94
52
66
19
97
18
24
58
13
35
87
47
83
76
37
75
12
42
39
39
48
25
66
83
81
15
61
14
56
12
34
53
61
48
42
58
81
39
29
55
13
25
12
53
47
25
64
76
24
99
77
56
42
83
55
13
81
99
64
75
45
61
35
24
29
75
26
49
74
94
92
34
57
18
77
13
97
38
29
26
94
22
62
42
65
97
74
26
29
47
17
52
66
65
22
87
51
92
45
74
75
83
13
42
52
43
17
12
45
53

